6
16
5
28
4
20
13
13
23
1
30
8
1
26
20
2
27
25
30
1
5
16
13
22
26
18
18
14
24
24
27
30
15
25
11
29
26
1
28
29
26
4
16
21
23
22
3
19
8
29
28
16
22
25
11
8
17
8
5
2
23
18
18
23
17
10
26
6
14
21
22
23
22
18
8
6
1
7
27
29
16
28
11
20
2
16
19
6
18
2
29
30
7
10
8
30
7
13
6
27
5
30
6
16
2
16
1
23
2
9
2
11
22
26
3
28
20
26
11
27
22
7
10
3
23
8
25
22
28
17
27
23
16
12
17
7
25
11
25
21
14
18
11
3
18
9
6
2
21
27
30
6
23
25
30
21
23
27
6
13
2
10
16
17
23
24
3
27
30
20
1
26
26
3
7
9
4
19
22
25
12
9
6
10
6
2
17
2
20
10
13
6
3
14
7
25
16
12
20
28
2
17
9
29
27
3
2
6
21
16
23
17
23
21
19
16
12
13
18
22
22
4
7
9
16
19
15
11
22
8
25
2
28
1
10
21
17
30
2
7
19
1
26
28
11
23
17
3
19
24
25
3
17
21
24
11
19
12
15
10
4
8
26
30
10
13
19
19
5
29
20
7
9
5
7
18
3
4
14
30
29
6
21
23
10
15
16
5
24
29
12
7
18
27
6
1
10
10
15
2
